race_season,team_name,actual_wins,expected_wins,model_type,model_id,win_diff,performance_diff,over_under
2019,Joe Gibbs Racing,19,12.763581128991047,ols,ols_20250312_1348,6.2364188710089525,6.2364188710089525,Over
2015,Hendrick Motorsports,9,3.8878112994605942,ols,ols_20250312_1348,5.112188700539406,5.112188700539406,Over
2015,Joe Gibbs Racing,14,9.72908537133333,ols,ols_20250312_1348,4.27091462866667,4.27091462866667,Over
2014,Hendrick Motorsports,13,8.872769490585169,ols,ols_20250312_1348,4.127230509414831,4.127230509414831,Over
2024,Team Penske,8,4.184546129685954,ols,ols_20250312_1348,3.8154538703140464,3.8154538703140464,Over
2020,Stewart-Haas Racing,10,6.351323088615087,ols,ols_20250312_1348,3.6486769113849133,3.6486769113849133,Over
2021,Hendrick Motorsports,17,13.97109577809449,ols,ols_20250312_1348,3.02890422190551,3.02890422190551,Over
2022,Hendrick Motorsports,11,8.341043099717181,ols,ols_20250312_1348,2.658956900282819,2.658956900282819,Over
2016,Team Penske,7,4.50631242373756,ols,ols_20250312_1348,2.49368757626244,2.49368757626244,Over
2014,Team Penske,11,8.814126853432834,ols,ols_20250312_1348,2.1858731465671664,2.1858731465671664,Over
2018,Stewart-Haas Racing,12,9.89410234093961,ols,ols_20250312_1348,2.105897659060391,2.105897659060391,Over
2024,Hendrick Motorsports,11,8.956792928442347,ols,ols_20250312_1348,2.043207071557653,2.043207071557653,Over
2018,Joe Gibbs Racing,9,6.975212688860863,ols,ols_20250312_1348,2.0247873111391366,2.0247873111391366,Over
2023,Richard Childress Racing,3,0.977000578475316,ols,ols_20250312_1348,2.022999421524684,2.022999421524684,Over
2022,Richard Childress Racing,4,2.0058429337035126,ols,ols_20250312_1348,1.9941570662964874,1.9941570662964874,Over
2017,RFK Racing,2,0.3408543055350666,ols,ols_20250312_1348,1.6591456944649334,1.6591456944649334,Over
2018,Hendrick Motorsports,3,1.5204718123521603,ols,ols_20250312_1348,1.4795281876478397,1.4795281876478397,Over
2017,Richard Childress Racing,2,0.7834928699328221,ols,ols_20250312_1348,1.216507130067178,1.216507130067178,Over
2014,RFK Racing,2,0.8132358776878392,ols,ols_20250312_1348,1.1867641223121608,1.1867641223121608,Over
2017,Hendrick Motorsports,4,2.849510037573797,ols,ols_20250312_1348,1.150489962426203,1.150489962426203,Over
2018,Richard Childress Racing,1,-0.09693261302603608,ols,ols_20250312_1348,1.0969326130260362,1.0969326130260362,Over
2023,Hendrick Motorsports,10,8.930505030729593,ols,ols_20250312_1348,1.0694949692704068,1.0694949692704068,Over
2022,Stewart-Haas Racing,3,1.9374066791647335,ols,ols_20250312_1348,1.0625933208352665,1.0625933208352665,Over
2023,JTG Daugherty Racing,1,-0.013803398769393483,ols,ols_20250312_1348,1.0138033987693935,1.0138033987693935,Over
2021,Front Row Motorsports,1,0.03546214917702381,ols,ols_20250312_1348,0.9645378508229762,0.9645378508229762,Over
2024,Wood Brothers Racing,1,0.05391984162292855,ols,ols_20250312_1348,0.9460801583770715,0.9460801583770715,Over
2014,Legacy Motor Club,1,0.06534205271442074,ols,ols_20250312_1348,0.9346579472855793,0.9346579472855793,Over
2023,RFK Racing,3,2.131400574841866,ols,ols_20250312_1348,0.8685994251581342,0.8685994251581342,Over
2020,Hendrick Motorsports,7,6.14226333701012,ols,ols_20250312_1348,0.8577366629898799,0.8577366629898799,Over
2024,JTG Daugherty Racing,1,0.1727564814824498,ols,ols_20250312_1348,0.8272435185175502,0.8272435185175502,Over
2023,Team Penske,4,3.199556709520664,ols,ols_20250312_1348,0.8004432904793362,0.8004432904793362,Over
2014,JTG Daugherty Racing,1,0.23234084221898466,ols,ols_20250312_1348,0.7676591577810153,0.7676591577810153,Over
2016,Joe Gibbs Racing,12,11.277817404990596,ols,ols_20250312_1348,0.7221825950094036,0.7221825950094036,Over
2023,Kaulig Racing,1,0.27881480835256545,ols,ols_20250312_1348,0.7211851916474346,0.7211851916474346,Over
2022,Legacy Motor Club,1,0.32364497372111956,ols,ols_20250312_1348,0.6763550262788804,0.6763550262788804,Over
2023,Front Row Motorsports,1,0.3396058437469996,ols,ols_20250312_1348,0.6603941562530005,0.6603941562530005,Over
2021,23XI Racing,1,0.36968411239970383,ols,ols_20250312_1348,0.6303158876002961,0.6303158876002961,Over
2018,Rick Ware Racing,0,-0.6107185958912471,ols,ols_20250312_1348,0.6107185958912471,0.6107185958912471,Over
2024,23XI Racing,3,2.425233231544223,ols,ols_20250312_1348,0.5747667684557771,0.5747667684557771,Over
2024,Stewart-Haas Racing,1,0.45895494739601134,ols,ols_20250312_1348,0.5410450526039887,0.5410450526039887,Over
2021,Rick Ware Racing,0,-0.5346433306685685,ols,ols_20250312_1348,0.5346433306685685,0.5346433306685685,Over
2016,Stewart-Haas Racing,6,5.490571454620816,ols,ols_20250312_1348,0.5094285453791842,0.5094285453791842,Over
2017,Furniture Row Racing,8,7.491404757027878,ols,ols_20250312_1348,0.5085952429721221,0.5085952429721221,Over
2023,Rick Ware Racing,0,-0.45194807891682426,ols,ols_20250312_1348,0.45194807891682426,0.45194807891682426,Over
2017,Premium Motorsports,0,-0.4131445642333944,ols,ols_20250312_1348,0.4131445642333944,0.4131445642333944,Over
2016,Front Row Motorsports,1,0.6147383987408922,ols,ols_20250312_1348,0.3852616012591078,0.3852616012591078,Over
2019,Rick Ware Racing,0,-0.36762751075762196,ols,ols_20250312_1348,0.36762751075762196,0.36762751075762196,Over
2024,Trackhouse Racing,2,1.6464057540999195,ols,ols_20250312_1348,0.3535942459000805,0.3535942459000805,Over
2019,Spire Motorsports,1,0.6755079832939669,ols,ols_20250312_1348,0.3244920167060331,0.3244920167060331,Over
2015,GO FAS Racing,0,-0.3201149072371601,ols,ols_20250312_1348,0.3201149072371601,0.3201149072371601,Over
2020,Chip Ganassi Racing,1,0.7022904237240596,ols,ols_20250312_1348,0.2977095762759404,0.2977095762759404,Over
2021,Live Fast Motorsports,0,-0.28414800925159445,ols,ols_20250312_1348,0.28414800925159445,0.28414800925159445,Over
2021,Team Penske,5,4.741250742614362,ols,ols_20250312_1348,0.25874925738563803,0.25874925738563803,Over
2018,Gaunt Brothers Racing,0,-0.25038547106339076,ols,ols_20250312_1348,0.25038547106339076,0.25038547106339076,Over
2015,Circle Sport Racing,0,-0.24634799056706097,ols,ols_20250312_1348,0.24634799056706097,0.24634799056706097,Over
2017,Wood Brothers Racing,1,0.7594668504231322,ols,ols_20250312_1348,0.24053314957686778,0.24053314957686778,Over
2014,GO FAS Racing,0,-0.2402282790331578,ols,ols_20250312_1348,0.2402282790331578,0.2402282790331578,Over
2021,Motorsports Business Management,0,-0.23097473160648838,ols,ols_20250312_1348,0.23097473160648838,0.23097473160648838,Over
2021,Spire Motorsports,0,-0.2283445351449564,ols,ols_20250312_1348,0.2283445351449564,0.2283445351449564,Over
2017,BK Racing,0,-0.21878044125218818,ols,ols_20250312_1348,0.21878044125218818,0.21878044125218818,Over
2024,Richard Childress Racing,1,0.7876007320352844,ols,ols_20250312_1348,0.21239926796471564,0.21239926796471564,Over
2018,Motorsports Business Management,0,-0.19879802163107788,ols,ols_20250312_1348,0.19879802163107788,0.19879802163107788,Over
2018,NY Racing Team,0,-0.19651426190748264,ols,ols_20250312_1348,0.19651426190748264,0.19651426190748264,Over
2018,Furniture Row Racing,4,3.8110774777293126,ols,ols_20250312_1348,0.1889225222706874,0.1889225222706874,Over
2023,Live Fast Motorsports,0,-0.18576159500131673,ols,ols_20250312_1348,0.18576159500131673,0.18576159500131673,Over
2016,GO FAS Racing,0,-0.18209200354162125,ols,ols_20250312_1348,0.18209200354162125,0.18209200354162125,Over
2019,Premium Motorsports,0,-0.1636526902912319,ols,ols_20250312_1348,0.1636526902912319,0.1636526902912319,Over
2020,Spire Motorsports,0,-0.16313387944892982,ols,ols_20250312_1348,0.16313387944892982,0.16313387944892982,Over
2024,Power Source,0,-0.15697889785042415,ols,ols_20250312_1348,0.15697889785042415,0.15697889785042415,Over
2015,Premium Motorsports,0,-0.14258257941077473,ols,ols_20250312_1348,0.14258257941077473,0.14258257941077473,Over
2021,Legacy Motor Club,0,-0.13904969896329317,ols,ols_20250312_1348,0.13904969896329317,0.13904969896329317,Over
2020,Front Row Motorsports,0,-0.13377556433340332,ols,ols_20250312_1348,0.13377556433340332,0.13377556433340332,Over
2019,Motorsports Business Management,0,-0.13175240911589614,ols,ols_20250312_1348,0.13175240911589614,0.13175240911589614,Over
2023,Legacy Motor Club,0,-0.13162375258605222,ols,ols_20250312_1348,0.13162375258605222,0.13162375258605222,Over
2021,Gaunt Brothers Racing,0,-0.1312602672403234,ols,ols_20250312_1348,0.1312602672403234,0.1312602672403234,Over
2014,Circle Sport Racing,0,-0.13002626430647712,ols,ols_20250312_1348,0.13002626430647712,0.13002626430647712,Over
2018,StarCom Racing,0,-0.12931710210584577,ols,ols_20250312_1348,0.12931710210584577,0.12931710210584577,Over
2022,TMT Racing,0,-0.12888483013665397,ols,ols_20250312_1348,0.12888483013665397,0.12888483013665397,Over
2014,Nature Farms Racing,0,-0.12783589166360002,ols,ols_20250312_1348,0.12783589166360002,0.12783589166360002,Over
2018,TriStar Motorsports,0,-0.11701794112946953,ols,ols_20250312_1348,0.11701794112946953,0.11701794112946953,Over
2017,Motorsports Business Management,0,-0.09755535502498353,ols,ols_20250312_1348,0.09755535502498353,0.09755535502498353,Over
2020,Motorsports Business Management,0,-0.09272263895311841,ols,ols_20250312_1348,0.09272263895311841,0.09272263895311841,Over
2014,Xxxtreme Motorsports,0,-0.08980592958649163,ols,ols_20250312_1348,0.08980592958649163,0.08980592958649163,Over
2024,Team AmeriVet,0,-0.0897825597717405,ols,ols_20250312_1348,0.0897825597717405,0.0897825597717405,Over
2015,NY Racing Team,0,-0.08596647016322297,ols,ols_20250312_1348,0.08596647016322297,0.08596647016322297,Over
2018,Obaika Racing,0,-0.08501726534055527,ols,ols_20250312_1348,0.08501726534055527,0.08501726534055527,Over
2021,Richard Childress Racing,0,-0.08440099756080913,ols,ols_20250312_1348,0.08440099756080913,0.08440099756080913,Over
2021,B.J. McLeod Motorsports,0,-0.08410836348420388,ols,ols_20250312_1348,0.08410836348420388,0.08410836348420388,Over
2014,Identity Ventures Racing,0,-0.0765048226045942,ols,ols_20250312_1348,0.0765048226045942,0.0765048226045942,Over
2015,Hillman Racing,0,-0.0677530711885466,ols,ols_20250312_1348,0.0677530711885466,0.0677530711885466,Over
2024,Rick Ware Racing,0,-0.06366874619458883,ols,ols_20250312_1348,0.06366874619458883,0.06366874619458883,Over
2016,Key Motorsports,0,-0.061959159344558555,ols,ols_20250312_1348,0.061959159344558555,0.061959159344558555,Over
2016,Nature Farms Racing,0,-0.06168716969807008,ols,ols_20250312_1348,0.06168716969807008,0.06168716969807008,Over
2019,Gaunt Brothers Racing,0,-0.055773943166700604,ols,ols_20250312_1348,0.055773943166700604,0.055773943166700604,Over
2018,Premium Motorsports,0,-0.0545265407731145,ols,ols_20250312_1348,0.0545265407731145,0.0545265407731145,Over
2014,Randy Humphrey Racing,0,-0.05398825045153289,ols,ols_20250312_1348,0.05398825045153289,0.05398825045153289,Over
2024,Legacy Motor Club,0,-0.05178402120111794,ols,ols_20250312_1348,0.05178402120111794,0.05178402120111794,Over
2024,NY Racing Team,0,-0.04629567025450108,ols,ols_20250312_1348,0.04629567025450108,0.04629567025450108,Over
2017,NY Racing Team,0,-0.044553469851440514,ols,ols_20250312_1348,0.044553469851440514,0.044553469851440514,Over
2014,Beard Motorsports,0,-0.04368647290335031,ols,ols_20250312_1348,0.04368647290335031,0.04368647290335031,Over
2019,Wood Brothers Racing,0,-0.036914190947166886,ols,ols_20250312_1348,0.036914190947166886,0.036914190947166886,Over
2017,TriStar Motorsports,0,-0.03687765557745877,ols,ols_20250312_1348,0.03687765557745877,0.03687765557745877,Over
2024,Live Fast Motorsports,0,-0.03597603486742158,ols,ols_20250312_1348,0.03597603486742158,0.03597603486742158,Over
2020,Tommy Baldwin Racing,0,-0.03556422744625284,ols,ols_20250312_1348,0.03556422744625284,0.03556422744625284,Over
2022,Motorsports Business Management,0,-0.03291928346336115,ols,ols_20250312_1348,0.03291928346336115,0.03291928346336115,Over
2018,Phoenix Air Racing,0,-0.03137682064923263,ols,ols_20250312_1348,0.03137682064923263,0.03137682064923263,Over
2015,Wood Brothers Racing,0,-0.03095284407760263,ols,ols_20250312_1348,0.03095284407760263,0.03095284407760263,Over
2014,Swan Racing,0,-0.02923842969216164,ols,ols_20250312_1348,0.02923842969216164,0.02923842969216164,Over
2020,Premium Motorsports,0,-0.02739279811434565,ols,ols_20250312_1348,0.02739279811434565,0.02739279811434565,Over
2019,XCI Racing,0,-0.02354682868930656,ols,ols_20250312_1348,0.02354682868930656,0.02354682868930656,Over
2020,Beard Motorsports,0,-0.021314949128266498,ols,ols_20250312_1348,0.021314949128266498,0.021314949128266498,Over
2019,Hendrick Motorsports,4,3.983152697630418,ols,ols_20250312_1348,0.016847302369582096,0.016847302369582096,Over
2022,Beard Motorsports,0,-0.013649131797140926,ols,ols_20250312_1348,0.013649131797140926,0.013649131797140926,Over
2020,B.J. McLeod Motorsports,0,-0.008443044018814594,ols,ols_20250312_1348,0.008443044018814594,0.008443044018814594,Over
2019,GO FAS Racing,0,-0.00810447479935678,ols,ols_20250312_1348,0.00810447479935678,0.00810447479935678,Over
2023,TMT Racing,0,-0.007896171479188108,ols,ols_20250312_1348,0.007896171479188108,0.007896171479188108,Over
2019,Germain Racing,0,-0.005385169406572798,ols,ols_20250312_1348,0.005385169406572798,0.005385169406572798,Over
2020,Kaulig Racing,0,-0.005142853488380006,ols,ols_20250312_1348,0.005142853488380006,0.005142853488380006,Over
2018,Ricky Benton Racing Enterprises,0,-0.004389317248243097,ols,ols_20250312_1348,0.004389317248243097,0.004389317248243097,Over
2016,HScott Motorsports,0,-0.0023134842044025827,ols,ols_20250312_1348,0.0023134842044025827,0.0023134842044025827,Over
2020,StarCom Racing,0,-0.002107477229085542,ols,ols_20250312_1348,0.002107477229085542,0.002107477229085542,Over
2021,Chip Ganassi Racing,1,0.9991221282270505,ols,ols_20250312_1348,0.0008778717729495122,0.0008778717729495122,Over
2018,Wood Brothers Racing,0,0.003359732461439363,ols,ols_20250312_1348,-0.003359732461439363,-0.003359732461439363,Under
2014,Furniture Row Racing,0,0.010480981478936368,ols,ols_20250312_1348,-0.010480981478936368,-0.010480981478936368,Under
2022,23XI Racing,2,2.0111357117585307,ols,ols_20250312_1348,-0.011135711758530675,-0.011135711758530675,Under
2014,Leavine Family Racing,0,0.014606840356049746,ols,ols_20250312_1348,-0.014606840356049746,-0.014606840356049746,Under
2017,JTG Daugherty Racing,0,0.014922308499418932,ols,ols_20250312_1348,-0.014922308499418932,-0.014922308499418932,Under
2015,Leavine Family Racing,0,0.019676154160621757,ols,ols_20250312_1348,-0.019676154160621757,-0.019676154160621757,Under
2020,GO FAS Racing,0,0.020040524657081272,ols,ols_20250312_1348,-0.020040524657081272,-0.020040524657081272,Under
2017,Circle Sport Racing,0,0.020237724231101505,ols,ols_20250312_1348,-0.020237724231101505,-0.020237724231101505,Under
2015,Richard Petty Motorsports,0,0.024630793561563866,ols,ols_20250312_1348,-0.024630793561563866,-0.024630793561563866,Under
2016,BK Racing,0,0.025416523415827917,ols,ols_20250312_1348,-0.025416523415827917,-0.025416523415827917,Under
2020,Legacy Motor Club,0,0.025727307955744357,ols,ols_20250312_1348,-0.025727307955744357,-0.025727307955744357,Under
2021,Beard Motorsports,0,0.02625194290887139,ols,ols_20250312_1348,-0.02625194290887139,-0.02625194290887139,Under
2017,GO FAS Racing,0,0.026434698755453113,ols,ols_20250312_1348,-0.026434698755453113,-0.026434698755453113,Under
2022,NY Racing Team,0,0.02649780262590148,ols,ols_20250312_1348,-0.02649780262590148,-0.02649780262590148,Under
2021,StarCom Racing,0,0.027090292507183398,ols,ols_20250312_1348,-0.027090292507183398,-0.027090292507183398,Under
2019,Tommy Baldwin Racing,0,0.032497219493684226,ols,ols_20250312_1348,-0.032497219493684226,-0.032497219493684226,Under
2016,Leavine Family Racing,0,0.034244821082925786,ols,ols_20250312_1348,-0.034244821082925786,-0.034244821082925786,Under
2018,GO FAS Racing,0,0.035435984738065404,ols,ols_20250312_1348,-0.035435984738065404,-0.035435984738065404,Under
2019,StarCom Racing,0,0.03889103041565127,ols,ols_20250312_1348,-0.03889103041565127,-0.03889103041565127,Under
2024,Beard Motorsports,0,0.04111853366745613,ols,ols_20250312_1348,-0.04111853366745613,-0.04111853366745613,Under
2015,HScott Motorsports,0,0.043808382337684845,ols,ols_20250312_1348,-0.043808382337684845,-0.043808382337684845,Under
2015,Rick Ware Racing,0,0.04533766517749356,ols,ols_20250312_1348,-0.04533766517749356,-0.04533766517749356,Under
2015,Germain Racing,0,0.04536481655543943,ols,ols_20250312_1348,-0.04536481655543943,-0.04536481655543943,Under
2015,Legacy Motor Club,0,0.04805589337094934,ols,ols_20250312_1348,-0.04805589337094934,-0.04805589337094934,Under
2014,RAB Racing,0,0.04811041095571628,ols,ols_20250312_1348,-0.04811041095571628,-0.04811041095571628,Under
2020,Gaunt Brothers Racing,0,0.04842991902141773,ols,ols_20250312_1348,-0.04842991902141773,-0.04842991902141773,Under
2020,Leavine Family Racing,0,0.05132330604496371,ols,ols_20250312_1348,-0.05132330604496371,-0.05132330604496371,Under
2018,Germain Racing,0,0.05230800338376908,ols,ols_20250312_1348,-0.05230800338376908,-0.05230800338376908,Under
2022,Front Row Motorsports,0,0.056990551022904117,ols,ols_20250312_1348,-0.056990551022904117,-0.056990551022904117,Under
2021,Stewart-Haas Racing,1,1.0573930429683023,ols,ols_20250312_1348,-0.05739304296830228,-0.05739304296830228,Under
2015,Identity Ventures Racing,0,0.05748431873020771,ols,ols_20250312_1348,-0.05748431873020771,-0.05748431873020771,Under
2016,JTG Daugherty Racing,0,0.05827286985038127,ols,ols_20250312_1348,-0.05827286985038127,-0.05827286985038127,Under
2019,JTG Daugherty Racing,0,0.06023336365854413,ols,ols_20250312_1348,-0.06023336365854413,-0.06023336365854413,Under
2014,NY Racing Team,0,0.063696665826882,ols,ols_20250312_1348,-0.063696665826882,-0.063696665826882,Under
2016,Legacy Motor Club,0,0.06650813734959711,ols,ols_20250312_1348,-0.06650813734959711,-0.06650813734959711,Under
2014,Germain Racing,0,0.06652279980593491,ols,ols_20250312_1348,-0.06652279980593491,-0.06652279980593491,Under
2014,Tommy Baldwin Racing,0,0.06884881622805746,ols,ols_20250312_1348,-0.06884881622805746,-0.06884881622805746,Under
2018,Beard Motorsports,0,0.07040369482410182,ols,ols_20250312_1348,-0.07040369482410182,-0.07040369482410182,Under
2015,BK Racing,0,0.07750902463866578,ols,ols_20250312_1348,-0.07750902463866578,-0.07750902463866578,Under
2016,NY Racing Team,0,0.08263289125610689,ols,ols_20250312_1348,-0.08263289125610689,-0.08263289125610689,Under
2014,Michael Waltrip Racing,0,0.08380963520056477,ols,ols_20250312_1348,-0.08380963520056477,-0.08380963520056477,Under
2017,Rick Ware Racing,0,0.08577601199053246,ols,ols_20250312_1348,-0.08577601199053246,-0.08577601199053246,Under
2016,Germain Racing,0,0.08627674775256299,ols,ols_20250312_1348,-0.08627674775256299,-0.08627674775256299,Under
2017,Legacy Motor Club,0,0.08634460375059554,ols,ols_20250312_1348,-0.08634460375059554,-0.08634460375059554,Under
2017,Chip Ganassi Racing,4,4.087547202820419,ols,ols_20250312_1348,-0.08754720282041895,-0.08754720282041895,Under
2016,Wood Brothers Racing,0,0.08940542829685695,ols,ols_20250312_1348,-0.08940542829685695,-0.08940542829685695,Under
2020,Germain Racing,0,0.0921186923015838,ols,ols_20250312_1348,-0.0921186923015838,-0.0921186923015838,Under
2017,Front Row Motorsports,0,0.09453166183664574,ols,ols_20250312_1348,-0.09453166183664574,-0.09453166183664574,Under
2015,Key Motorsports,0,0.10522384581413313,ols,ols_20250312_1348,-0.10522384581413313,-0.10522384581413313,Under
2015,JTG Daugherty Racing,0,0.1061377781496176,ols,ols_20250312_1348,-0.1061377781496176,-0.1061377781496176,Under
2022,Live Fast Motorsports,0,0.10623126984880425,ols,ols_20250312_1348,-0.10623126984880425,-0.10623126984880425,Under
2014,Wood Brothers Racing,0,0.10648184653917526,ols,ols_20250312_1348,-0.10648184653917526,-0.10648184653917526,Under
2017,Team Penske,4,4.109880030110213,ols,ols_20250312_1348,-0.10988003011021341,-0.10988003011021341,Under
2018,Legacy Motor Club,0,0.12157850464088084,ols,ols_20250312_1348,-0.12157850464088084,-0.12157850464088084,Under
2014,BK Racing,0,0.12306904855577883,ols,ols_20250312_1348,-0.12306904855577883,-0.12306904855577883,Under
2019,Legacy Motor Club,0,0.12546472307752596,ols,ols_20250312_1348,-0.12546472307752596,-0.12546472307752596,Under
2014,Richard Petty Motorsports,0,0.1261094957194592,ols,ols_20250312_1348,-0.1261094957194592,-0.1261094957194592,Under
2022,RFK Racing,1,1.1313410626094196,ols,ols_20250312_1348,-0.13134106260941958,-0.13134106260941958,Under
2020,RFK Racing,0,0.135866391671027,ols,ols_20250312_1348,-0.135866391671027,-0.135866391671027,Under
2015,Front Row Motorsports,0,0.1449179152237271,ols,ols_20250312_1348,-0.1449179152237271,-0.1449179152237271,Under
2017,Leavine Family Racing,0,0.14965494505150223,ols,ols_20250312_1348,-0.14965494505150223,-0.14965494505150223,Under
2014,Rick Ware Racing,0,0.15044440238688217,ols,ols_20250312_1348,-0.15044440238688217,-0.15044440238688217,Under
2016,Richard Petty Motorsports,0,0.15855563389062377,ols,ols_20250312_1348,-0.15855563389062377,-0.15855563389062377,Under
2015,Richard Childress Racing,0,0.15915991394306228,ols,ols_20250312_1348,-0.15915991394306228,-0.15915991394306228,Under
2016,Richard Childress Racing,0,0.15974537623655116,ols,ols_20250312_1348,-0.15974537623655116,-0.15974537623655116,Under
2014,Hillman Racing,0,0.1602477854167628,ols,ols_20250312_1348,-0.1602477854167628,-0.1602477854167628,Under
2019,Beard Motorsports,0,0.16635998743631236,ols,ols_20250312_1348,-0.16635998743631236,-0.16635998743631236,Under
2018,Front Row Motorsports,0,0.1700583718385346,ols,ols_20250312_1348,-0.1700583718385346,-0.1700583718385346,Under
2017,Germain Racing,0,0.17433344717951466,ols,ols_20250312_1348,-0.17433344717951466,-0.17433344717951466,Under
2014,Front Row Motorsports,0,0.19122520820598343,ols,ols_20250312_1348,-0.19122520820598343,-0.19122520820598343,Under
2022,Wood Brothers Racing,0,0.19783010674100016,ols,ols_20250312_1348,-0.19783010674100016,-0.19783010674100016,Under
2017,Beard Motorsports,0,0.20154975251007787,ols,ols_20250312_1348,-0.20154975251007787,-0.20154975251007787,Under
2022,Team Hezeberg,0,0.20562935711921215,ols,ols_20250312_1348,-0.20562935711921215,-0.20562935711921215,Under
2019,Richard Childress Racing,0,0.2061964293775289,ols,ols_20250312_1348,-0.2061964293775289,-0.2061964293775289,Under
2018,Team Penske,7,7.209104327398002,ols,ols_20250312_1348,-0.209104327398002,-0.209104327398002,Under
2016,Premium Motorsports,0,0.22149544386191525,ols,ols_20250312_1348,-0.22149544386191525,-0.22149544386191525,Under
2020,Wood Brothers Racing,0,0.22399947063155992,ols,ols_20250312_1348,-0.22399947063155992,-0.22399947063155992,Under
2021,JTG Daugherty Racing,0,0.23023691480630826,ols,ols_20250312_1348,-0.23023691480630826,-0.23023691480630826,Under
2024,Spire Motorsports,0,0.23294331834362408,ols,ols_20250312_1348,-0.23294331834362408,-0.23294331834362408,Under
2022,JTG Daugherty Racing,0,0.23385661988310472,ols,ols_20250312_1348,-0.23385661988310472,-0.23385661988310472,Under
2021,Trackhouse Racing,0,0.23629660570064576,ols,ols_20250312_1348,-0.23629660570064576,-0.23629660570064576,Under
2022,Spire Motorsports,0,0.24139564695528454,ols,ols_20250312_1348,-0.24139564695528454,-0.24139564695528454,Under
2015,Michael Waltrip Racing,0,0.24333946463662023,ols,ols_20250312_1348,-0.24333946463662023,-0.24333946463662023,Under
2018,Leavine Family Racing,0,0.24462053665631053,ols,ols_20250312_1348,-0.24462053665631053,-0.24462053665631053,Under
2018,JTG Daugherty Racing,0,0.2520052241796731,ols,ols_20250312_1348,-0.2520052241796731,-0.2520052241796731,Under
2021,RFK Racing,0,0.25225161059600915,ols,ols_20250312_1348,-0.25225161059600915,-0.25225161059600915,Under
2019,Chip Ganassi Racing,2,2.2685883217238523,ols,ols_20250312_1348,-0.2685883217238523,-0.2685883217238523,Under
2019,Front Row Motorsports,0,0.3009291850597814,ols,ols_20250312_1348,-0.3009291850597814,-0.3009291850597814,Under
2014,Richard Childress Racing,0,0.3087256269600597,ols,ols_20250312_1348,-0.3087256269600597,-0.3087256269600597,Under
2020,Team Penske,8,8.312559710541397,ols,ols_20250312_1348,-0.31255971054139664,-0.31255971054139664,Under
2019,RFK Racing,0,0.3165633228120731,ols,ols_20250312_1348,-0.3165633228120731,-0.3165633228120731,Under
2023,Spire Motorsports,0,0.3340203251456477,ols,ols_20250312_1348,-0.3340203251456477,-0.3340203251456477,Under
2016,Chip Ganassi Racing,1,1.3364186125669677,ols,ols_20250312_1348,-0.3364186125669677,-0.3364186125669677,Under
2014,Premium Motorsports,0,0.3673461777830135,ols,ols_20250312_1348,-0.3673461777830135,-0.3673461777830135,Under
2017,Stewart-Haas Racing,3,3.370621796771618,ols,ols_20250312_1348,-0.3706217967716179,-0.3706217967716179,Under
2015,RFK Racing,0,0.3784567168811292,ols,ols_20250312_1348,-0.3784567168811292,-0.3784567168811292,Under
2020,JTG Daugherty Racing,0,0.44017502997728236,ols,ols_20250312_1348,-0.44017502997728236,-0.44017502997728236,Under
2015,Chip Ganassi Racing,0,0.45164905056345006,ols,ols_20250312_1348,-0.45164905056345006,-0.45164905056345006,Under
2023,Beard Motorsports,0,0.4517075789181364,ols,ols_20250312_1348,-0.4517075789181364,-0.4517075789181364,Under
2021,Kaulig Racing,1,1.4703805068329499,ols,ols_20250312_1348,-0.47038050683294985,-0.47038050683294985,Under
2023,Wood Brothers Racing,0,0.4973330862421624,ols,ols_20250312_1348,-0.4973330862421624,-0.4973330862421624,Under
2022,Kaulig Racing,0,0.5159302836550245,ols,ols_20250312_1348,-0.5159302836550245,-0.5159302836550245,Under
2022,Team Penske,5,5.5304098612592485,ols,ols_20250312_1348,-0.5304098612592485,-0.5304098612592485,Under
2016,RFK Racing,0,0.5391684512553154,ols,ols_20250312_1348,-0.5391684512553154,-0.5391684512553154,Under
2019,Leavine Family Racing,0,0.5538220853401661,ols,ols_20250312_1348,-0.5538220853401661,-0.5538220853401661,Under
2019,Stewart-Haas Racing,4,4.558726396162573,ols,ols_20250312_1348,-0.558726396162573,-0.558726396162573,Under
2015,Furniture Row Racing,1,1.5812962630267096,ols,ols_20250312_1348,-0.5812962630267096,-0.5812962630267096,Under
2018,RFK Racing,0,0.5970197382063458,ols,ols_20250312_1348,-0.5970197382063458,-0.5970197382063458,Under
2022,Trackhouse Racing,3,3.6034957434044737,ols,ols_20250312_1348,-0.6034957434044737,-0.6034957434044737,Under
2020,Rick Ware Racing,0,0.6289136983681847,ols,ols_20250312_1348,-0.6289136983681847,-0.6289136983681847,Under
2024,Kaulig Racing,0,0.6388751127768408,ols,ols_20250312_1348,-0.6388751127768408,-0.6388751127768408,Under
2022,Rick Ware Racing,0,0.6812332008115547,ols,ols_20250312_1348,-0.6812332008115547,-0.6812332008115547,Under
2021,Wood Brothers Racing,0,0.7027239582730254,ols,ols_20250312_1348,-0.7027239582730254,-0.7027239582730254,Under
2020,Joe Gibbs Racing,9,9.711224400796901,ols,ols_20250312_1348,-0.7112244007969011,-0.7112244007969011,Under
2015,Team Penske,7,7.788172495933764,ols,ols_20250312_1348,-0.7881724959337637,-0.7881724959337637,Under
2016,Furniture Row Racing,4,4.860861339091454,ols,ols_20250312_1348,-0.8608613390914543,-0.8608613390914543,Under
2020,Richard Childress Racing,1,1.8784888208987116,ols,ols_20250312_1348,-0.8784888208987116,-0.8784888208987116,Under
2023,Joe Gibbs Racing,8,8.95226833199859,ols,ols_20250312_1348,-0.9522683319985905,-0.9522683319985905,Under
2023,23XI Racing,2,2.991197436072647,ols,ols_20250312_1348,-0.991197436072647,-0.991197436072647,Under
2024,Front Row Motorsports,0,1.0073426774866352,ols,ols_20250312_1348,-1.0073426774866352,-1.0073426774866352,Under
2023,Trackhouse Racing,3,4.162065619064278,ols,ols_20250312_1348,-1.1620656190642782,-1.1620656190642782,Under
2016,Hendrick Motorsports,5,6.211151476604036,ols,ols_20250312_1348,-1.2111514766040363,-1.2111514766040363,Under
2014,Stewart-Haas Racing,6,7.388523595278132,ols,ols_20250312_1348,-1.3885235952781319,-1.3885235952781319,Under
2021,Joe Gibbs Racing,9,10.455314231068723,ols,ols_20250312_1348,-1.4553142310687228,-1.4553142310687228,Under
2017,Joe Gibbs Racing,8,9.702960639164608,ols,ols_20250312_1348,-1.7029606391646084,-1.7029606391646084,Under
2014,Chip Ganassi Racing,0,1.7406119701218896,ols,ols_20250312_1348,-1.7406119701218896,-1.7406119701218896,Under
2019,Team Penske,6,7.89442861423743,ols,ols_20250312_1348,-1.8944286142374303,-1.8944286142374303,Under
2022,Joe Gibbs Racing,6,7.93418238042233,ols,ols_20250312_1348,-1.93418238042233,-1.93418238042233,Under
2023,Stewart-Haas Racing,0,2.4294589632441275,ols,ols_20250312_1348,-2.4294589632441275,-2.4294589632441275,Under
2014,Joe Gibbs Racing,2,4.636105919562422,ols,ols_20250312_1348,-2.6361059195624224,-2.6361059195624224,Under
2018,Chip Ganassi Racing,0,2.76103498005909,ols,ols_20250312_1348,-2.76103498005909,-2.76103498005909,Under
2024,RFK Racing,2,5.570561622983046,ols,ols_20250312_1348,-3.570561622983046,-3.570561622983046,Under
2024,Joe Gibbs Racing,6,10.03747425348378,ols,ols_20250312_1348,-4.037474253483779,-4.037474253483779,Under
2015,Stewart-Haas Racing,5,9.74035213215795,ols,ols_20250312_1348,-4.74035213215795,-4.74035213215795,Under
